34.7649992229
36.0529991942
36.3109991884
35.34449921
36.0294991947
34.359999232
36.4974991842
35.7659992006
35.1754992138
36.3059991885
35.6054992042
34.4979992289
36.1284991925
34.7664992229
30.1634993258
30.7229993133
32.5024992735
34.584999227
35.5904992045
33.7274992461
33.5589992499
34.3669992318
34.3924992313
34.9159992196
34.7899992224
34.6504992255
34.0879992381
34.5064992287
34.9054992198
34.1034992377
34.9689992184
35.3619992096
34.4384992302
36.0404991944
35.1869992135
35.6219992038
35.0039992176
33.3999992535
33.4409992525
35.7729992004
35.5074992063
34.9924992179
35.0674992162
34.89649922
35.9789991958
35.3944992089
36.4004991864
37.2709991669
37.2164991681
36.2524991897
36.2934991888
36.0839991935
35.7984991998
36.9204991748
37.0794991712
36.8234991769
36.7669991782
36.4784991846
36.8144991771
36.5909991821
36.6014991819
36.819499177
34.6564992254
35.0484992166
35.7984991998
36.4299991857
35.2254992126
37.042999172
36.2869991889
37.4764991623
35.7164992017
34.7784992226
35.8654991983
35.3249992104
35.3964992088
35.074999216
34.6334992259
34.627499226
36.4949991843
37.4314991633
36.3764991869
37.1199991703
36.7004991797
36.7239991792
37.489499162
36.9424991743
35.7134992017
36.061999194
35.5729992049
36.1964991909
35.0704992161
37.0469991719
35.6224992038
35.388999209
35.8989991976
34.3789992316
35.4844992069
34.5919992268
35.8909991978
33.5249992507