0.0619999986142
0.0489999989048
0.173499996122
0.528499988187
0.914499979559
0.62949998593
0.834999981336
1.14349997444
0.443999990076
0.14899999667
0.130499997083
0.533499988075
0.978999978118
1.24949997207
0.596499986667
1.39299996886
1.42999996804
1.76999996044
2.0444999543
2.06649995381
1.69049996221
2.68199994005
2.29999994859
2.23549995003
3.50849992158
3.37949992446
3.96299991142
3.05699993167
4.0579999093
3.8744999134
4.25099990498
4.79649989279
5.23199988306
5.05699988697
5.75199987143
5.46849987777
4.7689998934
5.65899987351
5.83799986951
5.73649987178
5.33899988066
5.41199987903
6.09149986384
4.72499989439
4.71299989466
5.41999987885
6.83049984733
5.27899988201
6.27199985981
6.75249984907
8.70099980552
6.40549985683
7.16249983991
7.67599982843
7.58499983046
8.07699981946
8.29699981455
8.07149981959
7.02449984299
7.54399983138
7.83999982476
8.1829998171
8.42699981164
6.89199984595
8.24499981571
7.98749982147
11.4169997448
8.03149982048
8.3839998126
8.72299980503
9.61299978513
8.19849981675
7.4894998326
6.1024998636
7.16399983987
6.8404998471
6.59699985255
5.10649988586
0.878499980364
4.28399990425
5.67549987314
2.83149993671
0.155499996524
0.749999983236
1.17599997371
0.640999985673
0.195999995619
0.0689999984577
3.13449992994
2.85799993612
2.9394999343
2.24999994971
0.973999978229
3.05399993174
2.20949995061
2.60699994173
2.95049993405
3.5524999206
2.35199994743
2.10099995304
3.35949992491
3.28799992651
2.45349994516
1.85549995853
1.82449995922
2.34049994769
2.20149995079
3.63899991866
2.3979999464
3.8339999143
2.40199994631
3.36799992472
3.55349992057
2.36099994723
1.9774999558
2.89849993521
0.350499992166
1.52749996586
2.73999993876
2.90699993502
2.79999993742
2.28449994894
1.96749995602
0.810999981873
1.14199997447
1.85799995847
1.82749995915
1.85049995864
2.27849994907
1.57299996484
1.10199997537
1.15749997413
0.409999990836
1.09649997549
1.13099997472
1.44749996765
1.32149997046
1.23199997246
0.958499978576
1.03249997692
1.46999996714
0.986999977939
1.14199997447
0.036999999173
0.24249999458
0.422999990545
1.15899997409
1.24449997218
0.949999978766
0.771499982756
0.885499980208
0.961999978498
1.36349996952
1.10449997531
0.982499978039
1.07949997587
0.940999978967
0.229999994859
0.59099998679
1.03499997687
1.05449997643
1.47749996698
1.00099997763
1.43749996787
1.75499996077
1.40349996863
0.937499979045
0.902999979816
0.594499986712
0.84599998109
0.829499981459
0.708999984153
0.772499982733
0.866999980621
1.09249997558
1.15299997423
0.538499987964
0.795999982208
0.77799998261
1.11699997503
1.03399997689
1.05549997641
0.987499977928
1.11349997511
0.953499978688
1.05249997647
1.04099997673
1.08399997577
1.08199997582
0.801499982085
0.821999981627
1.13299997468
0.608999986388
0.823999981582
0.639999985695
0.732499983627
0.831999981403
0.833999981359
0.881499980297
0.910499979649
1.07549997596
0.919499979448
0.681499984767
0.815999981761
0.828499981482
1.09199997559
0.894999979995
1.04149997672
0.930999979191
0.846499981079
0.778499982599
0.693499984499
0.925499979313
0.822999981605
0.88849998014
0.747499983292
0.859999980778
0.878499980364
1.08649997571
0.941999978945
1.01149997739
1.07899997588
0.955999978632
0.717999983951
0.82499998156
1.03599997684
0.902999979816
0.834499981347
0.817999981716
0.844499981124
1.03549997685
0.800499982107
0.813499981817
0.876499980409
0.869499980565
0.855999980867
0.853499980923
0.956499978621
0.794499982242
0.860999980755
0.912499979604
0.792999982275
0.797999982163
0.890999980085
0.864499980677
0.900499979872
0.873499980476
0.83349998137
0.989999977872
1.00549997753
0.825499981549
0.988499977905
0.975499978196
0.842999981157
0.76549998289
0.923499979358
0.786999982409
0.718999983929
0.734999983571
0.751999983191
0.941999978945
0.80799998194
0.945499978866
0.789999982342
0.878499980364
0.942499978933
0.929999979213
1.03499997687
0.869999980554
0.870999980532
0.869999980554
0.932499979157
0.849999981001
0.995499977749
0.867999980599
0.932999979146
0.784999982454
0.897499979939
0.926499979291
0.817999981716
1.08199997582
0.916999979503
0.872499980498
0.817999981716
0.830999981426
0.716499983985
0.894999979995
0.891499980073
0.82049998166
1.00699997749
0.976999978162
0.976499978174
0.829999981448
1.06199997626
0.653999985382
0.896499979962
0.688499984611
0.795999982208
0.828499981482
0.869999980554