0.584499986935
0.700999984331
0.696999984421
1.06349997623
0.889999980107
0.57399998717
0.428999990411
0.734499983583
0.85049998099
0.752999983169
0.757499983069
0.951999978721
1.58449996458
1.85499995854
2.04549995428
2.27599994913
2.15749995178
2.86199993603
3.25549992723
3.40599992387
3.91399991252
3.64699991848
3.67849991778
3.97549991114
4.80349989263
6.11049986342
6.41049985671
6.5499998536
6.67749985075
6.17299986202
6.58849985274
6.67899985071
6.69799985029
6.3214998587
7.30049983682
6.54949985361
6.47749985522
7.5474998313
7.27849983731
6.55699985344
6.27999985963
8.36749981297
7.30099983681
8.20449981662
7.55099983122
7.85949982433
7.74249982694
8.08749981923
8.12099981848
8.02949982053
9.28849979239
9.57599978596
10.1664997728
11.0259997535
10.2784997703
10.692999761
12.9189997112
11.63099974
13.0079997092
11.2669997482
14.0244996865
13.3914997007
15.3999996558
14.5034996758
15.0394996638
16.5184996308
20.8794995333
18.1064995953
15.7769996474
17.985999598
20.2999995463
21.1554995271
21.6714995156
19.060499574
22.5994994949
22.8939994883
25.7399994247
23.9459994648
23.2234994809
22.8009994904
24.4069994545
24.6629994487
26.0029994188
24.9804994416
25.1529994378
28.1589993706
28.2554993684
30.3704993212
30.287499323
30.913999309
32.523499273
32.5109992733
31.8054992891
33.6609992476
33.7904992447
35.3749992093
34.5329992281
35.2144992129
34.4244992306
34.8319992214
36.0414991944
35.1869992135
34.7284992238
35.7049992019
34.6569992254
31.6179992933
33.3539992545
32.8214992664
35.4514992076
34.3729992317
33.4704992519
35.2054992131
34.7144992241
33.7364992459
33.3789992539
32.7579992678
32.8519992657
32.8659992654
33.5244992507
34.4789992293
33.9879992403
33.6659992475
33.9439992413
34.1889992358
32.6239992708
34.538499228
35.4819992069
35.4654992073
35.0054992176
34.6254992261
34.1194992374
36.462499185
35.5969992043
35.5574992052
35.8109991996
35.3409992101
35.9154991972
35.2364992124
34.3494992322
34.224499235
34.7824992226
33.5509992501
35.5709992049
34.0154992397
36.0949991932
33.8459992435
34.3529992322
34.1934992357
34.9539992187
35.0514992165
34.3524992322
33.6614992476
33.3794992539
32.4459992748
33.8909992425
33.7809992449
34.3029992333
35.5934992044
36.0704991938
36.9414991743
36.0394991945
34.6779992249
33.1294992595
33.8004992445
34.8934992201
34.7689992229
34.3969992312
35.1454992144
35.972499196
34.7094992242
34.3669992318
34.5734992272
33.5579992499
34.7894992224
35.6964992021
34.9714992183
35.3234992105
34.6924992246
33.0574992611
34.6174992262
34.8874992202
35.9344991968
34.6634992252
35.6084992041
33.2664992564
34.3879992314
33.867999243
35.5634992051
35.0064992175
35.1064992153
36.3229991881
35.837999199
33.7474992457
32.079999283
33.8909992425
35.3059992108
35.1239992149
33.6489992479
34.0519992389
34.536499228
34.7649992229
36.0529991942
36.3109991884
35.34449921
36.0294991947
34.359999232
36.4974991842
35.7659992006
35.1754992138
36.3059991885
35.6054992042
34.4979992289
36.1284991925
34.7664992229
30.1634993258
30.7229993133
32.5024992735
34.584999227
35.5904992045
33.7274992461
33.5589992499
34.3669992318
34.3924992313
34.9159992196
34.7899992224
34.6504992255
34.0879992381
34.5064992287
34.9054992198
34.1034992377
34.9689992184
35.3619992096
34.4384992302
36.0404991944
35.1869992135
35.6219992038
35.0039992176
33.3999992535
33.4409992525
35.7729992004
35.5074992063
34.9924992179
35.0674992162
34.89649922
35.9789991958
35.3944992089
36.4004991864
37.2709991669
37.2164991681
36.2524991897
36.2934991888
36.0839991935
35.7984991998
36.9204991748
37.0794991712
36.8234991769
36.7669991782
36.4784991846
36.8144991771
36.5909991821
36.6014991819
36.819499177
34.6564992254
35.0484992166
35.7984991998
36.4299991857
35.2254992126
37.042999172
36.2869991889
37.4764991623
35.7164992017
34.7784992226
35.8654991983
35.3249992104
35.3964992088
35.074999216
34.6334992259
34.627499226
36.4949991843
37.4314991633
36.3764991869
37.1199991703
36.7004991797
36.7239991792
37.489499162
36.9424991743
35.7134992017
36.061999194
35.5729992049
36.1964991909
35.0704992161
37.0469991719
35.6224992038
35.388999209
35.8989991976
34.3789992316
35.4844992069
34.5919992268
35.8909991978
33.5249992507