1.07549997596
0.919499979448
0.681499984767
0.815999981761
0.828499981482
1.09199997559
0.894999979995
1.04149997672
0.930999979191
0.846499981079
0.778499982599
0.693499984499
0.925499979313
0.822999981605
0.88849998014
0.747499983292
0.859999980778
0.878499980364
1.08649997571
0.941999978945
1.01149997739
1.07899997588
0.955999978632
0.717999983951
0.82499998156
1.03599997684
0.902999979816
0.834499981347
0.817999981716
0.844499981124
1.03549997685
0.800499982107
0.813499981817
0.876499980409
0.869499980565
0.855999980867
0.853499980923
0.956499978621
0.794499982242
0.860999980755
0.912499979604
0.792999982275
0.797999982163
0.890999980085
0.864499980677
0.900499979872
0.873499980476
0.83349998137
0.989999977872
1.00549997753
0.825499981549
0.988499977905
0.975499978196
0.842999981157
0.76549998289
0.923499979358
0.786999982409
0.718999983929
0.734999983571
0.751999983191
0.941999978945
0.80799998194
0.945499978866
0.789999982342
0.878499980364
0.942499978933
0.929999979213
1.03499997687
0.869999980554
0.870999980532
0.869999980554
0.932499979157
0.849999981001
0.995499977749
0.867999980599
0.932999979146
0.784999982454
0.897499979939
0.926499979291
0.817999981716
1.08199997582
0.916999979503
0.872499980498
0.817999981716
0.830999981426
0.716499983985
0.894999979995
0.891499980073
0.82049998166
1.00699997749
0.976999978162
0.976499978174
0.829999981448
1.06199997626
0.653999985382
0.896499979962
0.688499984611
0.795999982208
0.828499981482
0.869999980554